599 5054 38 86 76841174 1334 779 686 599 76841174 14 76841174
518 254 59 599 254 158 203 1211 76841174 59 983 86
14 983 1886 8759 76841174 1598 203 254 443 86 76841174 3686
76841174 779 686 599 59 86 983 86 59 8759 76841174 1598
86 14 374 76841174 14 599 59 76841174 1598 86 14 983
1886 8759 76841174 5054 1463 86 983 76841174 518 14 599 1886
76841174 14 76841174 878 1334 14 254 599 1211 76841174 14 599
59 76841174 38 1334 983 254 686 1334 1094 76841174 1463 686
443 1334 518 86 76841174 686 119 76841174 119 686 983 158
686 1211 1211 86 599 76841174 443 686 983 86 11543 76841174
7214 203 254 443 86 76841174 3686 76841174 599 686 59 59
86 59 8759 76841174 599 86 14 983 443 1886 76841174 599
14 779 779 254 599 158 8759 76841174 1094 1334 59 59
86 599 443 1886 76841174 1211 203 86 983 86 76841174 38
14 518 86 76841174 14 76841174 1211 14 779 779 254 599
158 8759 76841174 2198 1094 76841174 686 119 76841174 1094 686 518
86 76841174 686 599 86 76841174 158 86 599 1211 443 1886
76841174 983 14 779 779 254 599 158 11543 983 14 779
779 254 599 158 76841174 14 1211 76841174 518 1886 76841174 38
203 14 518 23 86 983 76841174 59 686 686 983 8438
76841174 10103 9758 6359 254 1094 76841174 1094 686 518 86 76841174
1463 254 1094 254 1211 686 983 8759 10103 76841174 3686 76841174
518 1334 1211 1211 86 983 86 59 8759 76841174 10103 1211
14 779 779 254 599 158 76841174 14 1211 76841174 518 1886
76841174 38 203 14 518 23 86 983 76841174 59 686 686
983 11543 76841174 5054 599 443 1886 76841174 1211 203 254 1094
76841174 14 599 59 76841174 599 686 1211 203 254 599 158
76841174 518 686 983 86 8438 10103 76841174 2198 203 8759 76841174
59 254 1094 1211 254 599 38 1211 443 1886 76841174 3686
76841174 983 86 518 86 518 23 86 983 8759 76841174 254
1211 76841174 1598 14 1094 76841174 254 599 76841174 1211 203 86
76841174 23 443 86 14 374 76841174 2711 86 38 86 518
23 86 983 8759 76841174 2198 599 59 76841174 86 14 38
203 76841174 1094 86 779 14 983 14 1211 86 76841174 59
1886 254 599 158 76841174 86 518 23 86 983 76841174 1598
983 686 1334 158 203 1211 76841174 254 1211 1094 76841174 158
203 686 1094 1211 76841174 1334 779 686 599 76841174 1211 203
86 76841174 119 443 686 686 983 8438 76841174 2894 14 158
86 983 443 1886 76841174 3686 76841174 1598 254 1094 203 86
59 76841174 1211 203 86 76841174 518 686 983 983 686 1598
11918 11543 1463 14 254 599 443 1886 76841174 3686 76841174 203
14 59 76841174 1094 686 1334 158 203 1211 76841174 1211 686
23 686 983 983 686 1598 76841174 3083 983 686 518 76841174
518 1886 76841174 23 686 686 374 1094 76841174 1094 1334 983
38 86 14 1094 86 76841174 686 119 76841174 1094 686 983
983 686 1598 11543 1094 686 983 983 686 1598 76841174 119
686 983 76841174 1211 203 86 76841174 443 686 1094 1211 76841174
4343 86 599 686 983 86 11543 76841174 3083 686 983 76841174
1211 203 86 76841174 983 14 983 86 76841174 14 599 59
76841174 983 14 59 254 14 599 1211 76841174 518 14 254 59
86 599 76841174 1598 203 686 518 76841174 1211 203 86 76841174
14 599 158 86 443 1094 76841174 599 14 518 86 76841174 4343
86 599 686 983 86 11543 76841174 4811 14 518 86 443 86
1094 1094 76841174 203 86 983 86 76841174 119 686 983 76841174
86 1463 86 983 644 812 1109 212 8564